703
944
562
407
61
553
918
939
262
513
253
648
597
350
935
779
339
92
771
216
859
223
107
808
977
710
988
382
993
497
442
683
389
825
964
39
413
113
231
23
857
343
667
97
677
418
336
131
443
243
996
371
126
976
865
807
945
75
781
670
734
412
137
560
576
74
471
204
435
777
433
1
269
298
445
9
913
377
646
171
982
892
727
694
619
958
51
232
158
140
237
19
914
849
287
558
932
493
500
655
200
997
752
405
699
230
957
476
529
72
25
36
916
208
26
587
254
589
725
46
941
756
972
322
666
505
311
691
227
537
284
787
398
52
7
739
160
296
541
264
508
538
345
80
714
627
877
155
434
851
270
394
524
431
209
984
518
288
815
748
588
385
757
40
986
363
372
236
99
106
572
621
924
985
785
804
351
840
54
211
424
463
267
969
261
226
708
671
888
940
483
417
792
820
816
545
290
540
93
482
827
697
127
260
340
213
805
869
120
361
78
369
81
917
180
782
235
526
890
41
567
520
189
105
926
856
65
215
547
764
451
950
712
18
304
332
733
338
681
108
773
47
423
546
978
571
436
656
441
902
12
161
905
4
101
601
169
247
459
383
847
878
248
38
187
244
516
616
201
166
947
90
16
195
891
466
109
268
438
841
715
894
758
844
401
528
554
414
992
822
409
82
181
937
58
649
510
116
887
929
836
173
650
323
280
506
850
843
481
633
207
357
874
225
998
744
818
653
920
63
793
183
15
629
66
490
765
145
129
293
871
527
798
275
530
828
0
776
329
738
292
927
138
555
123
133
149
883
713
319
144
768
620
893
305
64
615
103
994
410
915
591
13
625
302
69
692
251
674
474
250
933
17
221
788
456
647
111
960
971
67
367
882
539
96
318
117
159
731
826
390
980
370
178
388
966
271
698
6
584
488
743
3
775
448
95
602
57
480
128
485
164
570
472
11
675
83
202
561
931
631
707
755
321
197
906
634
624
224
983
479
115
979
954
867
955
71
952
426
386
376
326
678
735
942
43
84
498
519
188
657
297
592
970
5
855
559
88
803
802
502
141
331
242
531
783
718
179
378
182
118
535
157
272
49
536
21
696
176
60
579
467
427
736
354
617
974
565
256
611
910
212
551
575
425
604
640
686
609
475
661
879
301
659
135
124
789
573
79
86
770
320
136
830
643
286
384
37
800
393
852
266
333
375
907
922
581
669
399
709
943
534
14
416
833
863
753
786
484
791
514
515
662
680
953
437
635
387
991
222
860
458
347
153
799
959
607
525
695
312
930
391
344
989
219
419
210
285
563
121
365
444
499
737
866
801
489
872
684
812
511
184
723
246
614
644
722
486
761
673
85
241
948
610
439
198
512
716
355
705
618
142
641
229
295
478
455
487
147
968
150
205
406
936
904
316
34
172
22
206
608
654
165
742
152
848
45
234
148
334
580
626
569
839
2
258
637
307
33
132
462
896
676
283
934
720
469
780
68
726
600
612
630
337
214
548
397
119
523
342
55
870
278
763
987
557
522
951
162
303
832
327
837
470
10
294
381
255
341
146
452
330
665
797
824
613
552
428
217
348
492
32
130
504
583
395
317
599
403
897
876
402
864
919
759
721
658
956
881
460
582
603
660
719
886
465
632
154
461
89
990
772
477
104
903
77
533
885
122
314
690
35
491
747
263
769
605
139
257
821
299
598
862
379
360
373
664
306
639
550
411
366
238
873
276
963
48
112
796
973
380
62
374
831
556
450
156
50
91
346
191
495
652
638
790
193
177
967
543
532
151
868
473
249
186
817
429
324
24
702
496
900
464
810
898
975
432
175
594
422
663
415
814
544
819
185
521
203
965
42
823
29
134
901
102
717
352
593
585
645
53
494
228
693
446
923
750
842
291
454
87
110
811
56
277
689
163
309
170
679
578
794
574
834
328
517
741
682
642
981
73
912
899
308
623
586
590
31
353
549
829
628
98
392
724
507
143
282
846
252
596
356
745
368
310
453
564
259
468
94
239
760
795
509
279
706
762
700
854
806
315
167
362
858
687
778
728
408
606
199
335
430
358
895
636
651
908
767
688
194
835
233
749
961
440
542
27
501
746
240
8
349
174
300
921
447
928
420
766
281
732
125
218
668
364
911
704
595
192
949
838
729
404
273
730
28
457
274
672
568
861
740
685
711
889
880
313
701
784
421
853
396
503
359
220
884
813
449
76
875
925
100
289
938
751
44
400
114
845
946
245
622
190
754
20
999
325
196
774
70
962
30
168
809
909
995
59
265
577
566